A
 0 |   0  1  2 |   3  4  5 |   6  7  8|
---+-----------+-----------+----------+
 0 |  9*  8  3 |  7*  5 2* |   6  1  4|
 1 |  6* 2* 1* |  8*  3  4 |   5 9*  7|
 2 |   4  7  5 |   1  6 9* |   2  8 3*|
---+-----------+-----------+----------+
 3 |   5  9 7* |   6 4* 8* |   1 3*  2|
 4 |   3  4  6 |   5  2  1 |   9 7* 8*|
 5 |   2  1  8 |  9*  7  3 |   4  6  5|
---+-----------+-----------+----------+
 6 |   7  6  4 |  3*  9  5 |   8  2 1*|
 7 |  1* 3*  2 |   4  8 6* |   7 5*  9|
 8 |  8* 5*  9 |   2  1  7 |   3 4* 6*|
---+-----------+-----------+----------+

B
 1 |   0  1  2 |   3  4  5 |   6  7  8|
---+-----------+-----------+----------+
 0 |  3*  4  5 |   2  8  9 |  7* 6*  1|
 1 |   9  6  7 |   4  5 1* |   3  2  8|
 2 |   8 1*  2 |   3  7  6 |   9  4 5*|
---+-----------+-----------+----------+
 3 |  1*  2  8 |   9  3 7* |   4 5*  6|
 4 |  7* 9* 4* |   1 6*  5 |  8* 3*  2|
 5 |   5  3  6 |   8  4  2 |   1  9  7|
---+-----------+-----------+----------+
 6 |   2  5  9 |   7  1  3 |   6  8 4*|
 7 |  6*  8  1 |   5 9*  4 |  2* 7* 3*|
 8 |   4  7  3 |   6 2* 8* |   5  1  9|
---+-----------+-----------+----------+

