A
 0 |   0  1  2 |   3  4  5 |   6  7  8|
---+-----------+-----------+----------+
 0 |   2  8 1* |   9  7  6 |   5 4*  3|
 1 |   7  5  6 |   8 3*  4 |   9 2*  1|
 2 |   3  4  9 |   5  1  2 |   8 6*  7|
---+-----------+-----------+----------+
 3 |   5  3  7 |   4 6* 9* |   2  1  8|
 4 |   9  2 8* |  3*  5 1* |   6  7  4|
 5 |  1* 6* 4* |   2 8*  7 |   3 5*  9|
---+-----------+-----------+----------+
 6 |  6*  1  3 |  7*  9  5 |   4  8  2|
 7 |   8  7 2* |   6  4  3 |   1 9*  5|
 8 |   4 9* 5* |   1  2  8 |   7  3  6|
---+-----------+-----------+----------+

B
 1 |   0  1  2 |   3  4  5 |   6  7  8|
---+-----------+-----------+----------+
 0 |  9* 3*  7 |  4*  1  8 |   6 5*  2|
 1 |   2 1*  4 |   9  6  5 |  7* 8*  3|
 2 |  6* 5*  8 |  2*  7  3 |   4  9  1|
---+-----------+-----------+----------+
 3 |  4* 9*  1 |   8  2 7* |   5  3 6*|
 4 |   3 7*  5 |  6*  4 9* |   2  1  8|
 5 |   8  2  6 |   5  3  1 |   9 7*  4|
---+-----------+-----------+----------+
 6 |  5*  4  9 |   1  8 2* |   3 6*  7|
 7 |  1*  6  3 |   7 5* 4* |   8  2 9*|
 8 |  7* 8* 2* |  3*  9  6 |   1  4  5|
---+-----------+-----------+----------+

