A
 0 |   0  1  2 |   3  4  5 |   6  7  8|
---+-----------+-----------+----------+
 0 |   6  8  5 |   2  1 9* |   3  7 4*|
 1 |   4  2  7 |   8  6  3 |   1 9*  5|
 2 |  1*  3  9 |   7 5*  4 |  6*  2 8*|
---+-----------+-----------+----------+
 3 |  3*  6  1 |   4  9  8 |   7  5  2|
 4 |   8  7 4* |   6  2  5 |   9 1* 3*|
 5 |   5 9*  2 |   1  3  7 |  8*  4  6|
---+-----------+-----------+----------+
 6 |   2 5*  3 |   9  7  6 |  4*  8 1*|
 7 |  7*  1  8 |   3  4  2 |  5*  6  9|
 8 |  9* 4*  6 |   5  8  1 |   2  3  7|
---+-----------+-----------+----------+

B
 1 |   0  1  2 |   3  4  5 |   6  7  8|
---+-----------+-----------+----------+
 0 |   5 3*  1 |   9  7  6 |  4*  8  2|
 1 |   7  6  2 |  4* 1*  8 |  5*  3 9*|
 2 |   9  4  8 |   3 2*  5 |   1  6  7|
---+-----------+-----------+----------+
 3 |  4*  8  9 |   5  6  3 |   2  7  1|
 4 |   2  5  3 |   7 4* 1* |   6 9*  8|
 5 |  1*  7 6* |  8*  9 2* |   3  5  4|
---+-----------+-----------+----------+
 6 |   3 2* 5* |   1  8  9 |  7*  4  6|
 7 |  6*  9  4 |   2  3 7* |   8 1* 5*|
 8 |  8*  1  7 |   6  5  4 |   9 2*  3|
---+-----------+-----------+----------+

