A
 0 |   0  1  2 |   3  4  5 |   6  7  8|
---+-----------+-----------+----------+
 0 |   3 1*  8 |  5* 7* 4* |   6 2*  9|
 1 |   6  4 5* |   1  2  9 |   8  7 3*|
 2 |   7  9  2 |   8  6  3 |  5*  4  1|
---+-----------+-----------+----------+
 3 |   5  6 1* |  2* 9*  8 |  4* 3*  7|
 4 |   8 2* 4* |  6*  3  7 |  9* 1*  5|
 5 |   9 7*  3 |   4  5  1 |   2  8  6|
---+-----------+-----------+----------+
 6 |  2*  3  6 |   7  4  5 |   1  9  8|
 7 |   1  5  9 |   3 8*  2 |  7* 6*  4|
 8 |   4 8* 7* |   9  1  6 |  3*  5  2|
---+-----------+-----------+----------+

B
 1 |   0  1  2 |   3  4  5 |   6  7  8|
---+-----------+-----------+----------+
 0 |   9  7  6 |   4 3*  2 |   5 1*  8|
 1 |   5  1  4 |   9  8  6 |   3  2  7|
 2 |   2  8  3 |   1 5* 7* |   9  6  4|
---+-----------+-----------+----------+
 3 |   4  3  7 |  5* 6*  1 |  8* 9* 2*|
 4 |  1*  5 9* |   7  2  8 |   6  4  3|
 5 |   6  2 8* |  3*  9 4* |   7  5  1|
---+-----------+-----------+----------+
 6 |   8 4*  5 |  6*  1 3* |   2  7 9*|
 7 |   3 6* 1* |   2 7*  9 |  4*  8  5|
 8 |   7  9  2 |   8 4*  5 |   1 3* 6*|
---+-----------+-----------+----------+

