A
 0 |   0  1  2 |   3  4  5 |   6  7  8|
---+-----------+-----------+----------+
 0 |   7  4  6 |   1  2 8* |  3*  5 9*|
 1 |   1  3  8 |   9  5 7* |   4  6  2|
 2 |   5 2* 9* |   4  3  6 |   7  8  1|
---+-----------+-----------+----------+
 3 |  3* 9*  2 |   6  7 1* |   8  4  5|
 4 |   6  1  5 |  2*  8  4 |  9*  7  3|
 5 |   8  7 4* |  3*  9  5 |  2*  1  6|
---+-----------+-----------+----------+
 6 |  4*  5  3 |   8 1*  2 |   6  9 7*|
 7 |  2*  8 1* |   7  6  9 |   5  3  4|
 8 |  9* 6*  7 |   5  4  3 |   1  2  8|
---+-----------+-----------+----------+

B
 1 |   0  1  2 |   3  4  5 |   6  7  8|
---+-----------+-----------+----------+
 0 |   2  5  3 |  4*  6  1 |   9 8*  7|
 1 |   9  4  1 |   7 2*  8 |   5  3  6|
 2 |   8 6*  7 |  5* 9* 3* |   1  2  4|
---+-----------+-----------+----------+
 3 |   4  7  8 |   9  3 5* |   2  6 1*|
 4 |   5 2* 9* |   1  7  6 |   3  4  8|
 5 |   3 1* 6* |   2  8  4 |  7* 5*  9|
---+-----------+-----------+----------+
 6 |   6 9* 5* |   3  4  7 |  8*  1  2|
 7 |  7*  3  4 |   8 1*  2 |  6*  9  5|
 8 |   1 8* 2* |   6  5  9 |   4  7 3*|
---+-----------+-----------+----------+

