A
 0 |   0  1  2 |   3  4  5 |   6  7  8|
---+-----------+-----------+----------+
 0 |   1  3  7 |   2  4  9 |   5  8 6*|
 1 |   6  5 9* |  7* 8* 1* |   4  2  3|
 2 |   2  8 4* |   5  6  3 |   7  1  9|
---+-----------+-----------+----------+
 3 |  5*  1 8* |  3*  7  2 |  6* 9*  4|
 4 |   7  6  2 |   8 9*  4 |   1 3*  5|
 5 |   4  9 3* |   1  5  6 |  2* 7* 8*|
---+-----------+-----------+----------+
 6 |   8  4 6* |  9*  2  7 |  3*  5 1*|
 7 |   3  7 5* |   6  1  8 |   9 4*  2|
 8 |  9* 2*  1 |   4 3*  5 |   8  6  7|
---+-----------+-----------+----------+

B
 1 |   0  1  2 |   3  4  5 |   6  7  8|
---+-----------+-----------+----------+
 0 |   4  1  8 |   5  6  7 |   3  9  2|
 1 |   7 6* 2* |   3 4*  9 |   5  8  1|
 2 |   3  5  9 |   2  8  1 |   4  6 7*|
---+-----------+-----------+----------+
 3 |   9  3 4* |   1 5* 8* |   7 2* 6*|
 4 |   5  8  6 |   7 2*  3 |   9  1  4|
 5 |  1*  2  7 |   6  9  4 |   8  3  5|
---+-----------+-----------+----------+
 6 |   2  9  1 |   4 3*  5 |   6  7  8|
 7 |   6 4* 3* |  8*  7 2* |  1*  5  9|
 8 |   8  7  5 |   9  1 6* |   2 4* 3*|
---+-----------+-----------+----------+

