A
 0 |   0  1  2 |   3  4  5 |   6  7  8|
---+-----------+-----------+----------+
 0 |   2  1  9 |  3*  5  7 |   8 6*  4|
 1 |   8 7*  6 |  2*  4  1 |  9*  5 3*|
 2 |   3  4 5* |  6*  9  8 |   1  7  2|
---+-----------+-----------+----------+
 3 |  7*  5  3 |   9  8 2* |   6  4  1|
 4 |   4 6*  1 |   5  7 3* |   2  9  8|
 5 |  9*  2 8* |  1*  6  4 |  7* 3*  5|
---+-----------+-----------+----------+
 6 |   6  9  4 |   8  2  5 |  3* 1*  7|
 7 |  1*  8  7 |   4  3  9 |   5 2*  6|
 8 |   5  3  2 |   7  1  6 |  4* 8*  9|
---+-----------+-----------+----------+

B
 1 |   0  1  2 |   3  4  5 |   6  7  8|
---+-----------+-----------+----------+
 0 |   9  3 7* |  6* 8*  2 |  4*  1  5|
 1 |   5  2 4* |   1 3*  7 |  6* 9*  8|
 2 |   8  6  1 |   5  4 9* |   2 3*  7|
---+-----------+-----------+----------+
 3 |   3  9 8* |   4  1  5 |   7  2 6*|
 4 |  1*  7  6 |  2* 9*  8 |   5  4  3|
 5 |   4  5  2 |   3 7*  6 |  9*  8 1*|
---+-----------+-----------+----------+
 6 |  2*  1 3* |  7* 6*  4 |   8  5  9|
 7 |   6  4 9* |  8* 5* 1* |   3  7  2|
 8 |  7*  8  5 |   9 2*  3 |  1*  6  4|
---+-----------+-----------+----------+

