A
 0 |   0  1  2 |   3  4  5 |   6  7  8|
---+-----------+-----------+----------+
 0 |   4 2* 8* |  5*  9  6 |   7  1  3|
 1 |   6 3* 1* |  2*  7  4 |   8  9  5|
 2 |   9 7*  5 |  8*  3  1 |   2  4  6|
---+-----------+-----------+----------+
 3 |  1*  6  7 |   9  8  5 |   4 3*  2|
 4 |  2*  8  4 |   6 1*  3 |  9*  5 7*|
 5 |   3  5  9 |   7  4  2 |   1  6  8|
---+-----------+-----------+----------+
 6 |  5*  4  3 |  1* 2* 7* |   6  8 9*|
 7 |   7 9*  6 |   4 5* 8* |  3*  2  1|
 8 |   8  1 2* |  3* 6*  9 |   5  7  4|
---+-----------+-----------+----------+

B
 1 |   0  1  2 |   3  4  5 |   6  7  8|
---+-----------+-----------+----------+
 0 |   5  4  6 |  3* 8*  1 |  2*  7  9|
 1 |  8*  2  7 |  9*  6  5 |  3* 1*  4|
 2 |  3*  9 1* |   4 2* 7* |   6 8*  5|
---+-----------+-----------+----------+
 3 |   4  5  8 |   2 7* 6* |   1  9  3|
 4 |   7  1  3 |   5  9  4 |   8  2  6|
 5 |   9  6  2 |  8* 1*  3 |  5*  4 7*|
---+-----------+-----------+----------+
 6 |   1 8*  5 |  6* 4*  9 |   7  3  2|
 7 |   6  7 9* |   1  3  2 |   4  5  8|
 8 |  2* 3*  4 |   7  5  8 |   9  6 1*|
---+-----------+-----------+----------+

