A
 0 |   0  1  2 |   3  4  5 |   6  7  8|
---+-----------+-----------+----------+
 0 |   8  3  4 |   6  9 5* |   2  7 1*|
 1 |   2 7* 5* |   1  4  8 |   3  6  9|
 2 |   1  6 9* |   3  2  7 |   8  5 4*|
---+-----------+-----------+----------+
 3 |   6  8 3* |  2* 1*  9 |  7* 4*  5|
 4 |  7* 4*  1 |   8  5  3 |   6  9 2*|
 5 |   5  9  2 |   7 6*  4 |   1  8  3|
---+-----------+-----------+----------+
 6 |  4*  1 8* |   5  7  2 |  9*  3 6*|
 7 |  9*  2  7 |   4 3*  6 |  5*  1 8*|
 8 |   3  5 6* |  9*  8 1* |   4  2  7|
---+-----------+-----------+----------+

B
 1 |   0  1  2 |   3  4  5 |   6  7  8|
---+-----------+-----------+----------+
 0 |   6  8 9* |  7* 3* 4* |  1*  5  2|
 1 |   3  2  7 |  9*  1  5 |   4 8* 6*|
 2 |   5  4 1* |   8  6  2 |  9* 7*  3|
---+-----------+-----------+----------+
 3 |   2  9 4* |   3 8*  1 |   5  6  7|
 4 |   1 6*  5 |  2* 9*  7 |   3  4  8|
 5 |   8  7 3* |   4  5  6 |  2*  9 1*|
---+-----------+-----------+----------+
 6 |  7*  5  6 |  1* 4*  3 |   8  2  9|
 7 |  4*  1  8 |   6  2  9 |  7* 3*  5|
 8 |   9  3  2 |   5  7  8 |  6*  1  4|
---+-----------+-----------+----------+

