A
 0 |   0  1  2 |   3  4  5 |   6  7  8|
---+-----------+-----------+----------+
 0 |  3* 8*  1 |   9 2* 4* |   7 5*  6|
 1 |  9* 2*  4 |   6  7  5 |  1*  3 8*|
 2 |   6 5*  7 |  8*  1 3* |   4 2*  9|
---+-----------+-----------+----------+
 3 |   4  9  8 |   5  6  2 |   3  7  1|
 4 |  2*  3  6 |   1  9 7* |   8  4 5*|
 5 |   1 7*  5 |   4  3  8 |   9  6  2|
---+-----------+-----------+----------+
 6 |   5  4  9 |   3  8  6 |  2* 1*  7|
 7 |   7  1  3 |   2 5*  9 |   6  8 4*|
 8 |   8  6  2 |   7  4 1* |   5  9  3|
---+-----------+-----------+----------+

B
 1 |   0  1  2 |   3  4  5 |   6  7  8|
---+-----------+-----------+----------+
 0 |   4  9  3 |   5  8  2 |   6  1  7|
 1 |  8*  1 5* |   3  6  7 |  9*  4 2*|
 2 |   7  2 6* |   9  4 1* |  5*  3  8|
---+-----------+-----------+----------+
 3 |   1  4  7 |   8  5 9* |   2 6* 3*|
 4 |  5* 8*  9 |   6 2* 3* |   1  7  4|
 5 |   6 3* 2* |  7*  1  4 |   8  5 9*|
---+-----------+-----------+----------+
 6 |   2  6  8 |   4  7 5* |  3*  9 1*|
 7 |  9* 5* 4* |   1  3  8 |   7  2 6*|
 8 |   3 7* 1* |   2  9  6 |   4 8*  5|
---+-----------+-----------+----------+

