Anzahl vorgegeben: 44 = 23 + 21
Möglichkeiten nach jeder Zahl: 1_1_1_4_3_2_1_3_3_3_3_3_2_1_1_4_4_5_5_5_5_5_5_6_6

A (Kreise)
   |   0  1  2 |   3  4  5 |   6  7  8|
---+-----------+-----------+----------+
 0 |  3*  6  5 |   8  1 4* |   7  2 9*|
 1 |   4  1  9 |   3 2*  7 |   5  8 6*|
 2 |   7  8 2* |   9  5  6 |  3*  4  1|
---+-----------+-----------+----------+
 3 |  8* 4*  7 |   1 9* 5* |  2* 6* 3*|
 4 |   1  9  3 |   4  6  2 |   8  7  5|
 5 |  5* 2*  6 |   7  8  3 |   1 9*  4|
---+-----------+-----------+----------+
 6 |   9 7*  8 |   5 4*  1 |   6  3  2|
 7 |   6  3 1* |  2*  7  9 |   4  5  8|
 8 |   2  5  4 |   6  3  8 |   9 1* 7*|
---+-----------+-----------+----------+

B (Rauten)
   |   0  1  2 |   3  4  5 |   6  7  8|
---+-----------+-----------+----------+
 0 |   2  4 6* |   7  5  8 |   9  3  1|
 1 |   9 3*  7 |  1*  4 2* |   6  5 8*|
 2 |   5  1  8 |   6  3 9* |  7*  2 4*|
---+-----------+-----------+----------+
 3 |   7  6  5 |   3 8*  1 |   4 9*  2|
 4 |   4  8  2 |   5  9  6 |   3  1  7|
 5 |   3  9  1 |   2  7  4 |   8  6  5|
---+-----------+-----------+----------+
 6 |   8 5*  4 |   9 2*  3 |  1* 7*  6|
 7 |   1  7  3 |  8* 6*  5 |  2*  4  9|
 8 |   6  2 9* |   4  1 7* |  5* 8*  3|
---+-----------+-----------+----------+

