A
 0 |   0  1  2 |   3  4  5 |   6  7  8|
---+-----------+-----------+----------+
 0 |   3 5*  7 |   4  2  9 |  1* 8*  6|
 1 |   9  8  6 |   5  7  1 |   2  3  4|
 2 |  1*  2 4* |   3  6  8 |  5*  9 7*|
---+-----------+-----------+----------+
 3 |   6  3  1 |  9*  8  7 |   4  2  5|
 4 |  2*  4  9 |   1 3*  5 |   7 6*  8|
 5 |   5  7  8 |  6*  4  2 |  3*  1  9|
---+-----------+-----------+----------+
 6 |  8*  9  5 |   2  1  4 |   6 7*  3|
 7 |  4*  6  2 |   7 9* 3* |   8 5* 1*|
 8 |   7  1  3 |  8*  5  6 |  9*  4 2*|
---+-----------+-----------+----------+

B
 1 |   0  1  2 |   3  4  5 |   6  7  8|
---+-----------+-----------+----------+
 0 |   6 1*  3 |   8  5  4 |   9  2  7|
 1 |  4* 7*  8 |   9  2  6 |  1*  5 3*|
 2 |   9  5 2* |   7  1  3 |   6  4  8|
---+-----------+-----------+----------+
 3 |   7  2 5* |  4*  6  8 |  3*  9  1|
 4 |   8  3  4 |  2*  9 1* |  5* 7*  6|
 5 |   1  6 9* |   5  3 7* |  2*  8 4*|
---+-----------+-----------+----------+
 6 |   5  8  1 |  3*  7  9 |   4  6  2|
 7 |  2* 4* 6* |   1  8  5 |   7  3 9*|
 8 |   3  9  7 |   6  4 2* |   8  1  5|
---+-----------+-----------+----------+

