A
 0 |   0  1  2 |   3  4  5 |   6  7  8|
---+-----------+-----------+----------+
 0 |   3  7  4 |   5 1*  2 |  9* 8*  6|
 1 |  9*  6  2 |  3*  7  8 |  4*  5 1*|
 2 |   5  1  8 |  4* 9* 6* |   2 7* 3*|
---+-----------+-----------+----------+
 3 |   1  8 3* |   6  4  7 |   5  9  2|
 4 |   4  9  7 |   1  2 5* |  6*  3  8|
 5 |   2  5 6* |   8  3  9 |   7  1 4*|
---+-----------+-----------+----------+
 6 |  7* 3* 5* |  2*  6  1 |   8  4  9|
 7 |   6  4  9 |   7  8  3 |  1*  2  5|
 8 |  8*  2  1 |   9  5  4 |   3  6 7*|
---+-----------+-----------+----------+

B
 1 |   0  1  2 |   3  4  5 |   6  7  8|
---+-----------+-----------+----------+
 0 |   2 1*  9 |   8  6  3 |   7 4*  5|
 1 |  8*  3  5 |   1 4* 7* |   9  6  2|
 2 |   4 6*  7 |  5*  2 9* |   3 1* 8*|
---+-----------+-----------+----------+
 3 |   5  4  2 |   9 3*  8 |   1 7*  6|
 4 |  7* 8*  3 |   6  1  2 |   4  5 9*|
 5 |   6  9  1 |   7  5  4 |   2  8 3*|
---+-----------+-----------+----------+
 6 |  1* 2*  8 |   4  9  5 |   6  3  7|
 7 |   3 5*  4 |   2 7*  6 |   8  9  1|
 8 |   9  7 6* |   3 8*  1 |   5 2* 4*|
---+-----------+-----------+----------+

