A
 0 |   0  1  2 |   3  4  5 |   6  7  8|
---+-----------+-----------+----------+
 0 |   1  9  3 |   5  2  7 |   6 4*  8|
 1 |   6  7  2 |   4  8 9* |   5 3*  1|
 2 |   8  4  5 |   1  3  6 |   7  2 9*|
---+-----------+-----------+----------+
 3 |   5  2  6 |   9 1* 3* |   4  8 7*|
 4 |  7*  3  4 |   8  6 2* |   9 1*  5|
 5 |   9  8 1* |   7  4  5 |   2  6 3*|
---+-----------+-----------+----------+
 6 |  2*  1  7 |   6  9  8 |  3* 5* 4*|
 7 |   4 6*  9 |   3 5*  1 |   8  7  2|
 8 |   3  5 8* |   2  7 4* |   1  9 6*|
---+-----------+-----------+----------+

B
 1 |   0  1  2 |   3  4  5 |   6  7  8|
---+-----------+-----------+----------+
 0 |   2  5  1 |   3 4* 8* |   7 6*  9|
 1 |  3* 6* 7* |   9 2*  1 |  4*  8 5*|
 2 |   9  8  4 |   6  7  5 |   3  1  2|
---+-----------+-----------+----------+
 3 |   1  9 2* |  7*  8  6 |   5 4* 3*|
 4 |   5 7*  3 |   2 1*  4 |   8  9  6|
 5 |   6 4* 8* |   5 3*  9 |   1  2 7*|
---+-----------+-----------+----------+
 6 |   8  2 5* |  4*  6 7* |   9  3 1*|
 7 |   7 1*  6 |   8  9 3* |  2*  5 4*|
 8 |   4  3  9 |   1  5  2 |   6  7  8|
---+-----------+-----------+----------+

