A
 0 |   0  1  2 |   3  4  5 |   6  7  8|
---+-----------+-----------+----------+
 0 |   7  1 6* |   2  9  3 |  4*  5  8|
 1 |   4  5 2* |  6* 7* 8* |  9*  3  1|
 2 |   3  8  9 |  5*  1 4* |  2*  6  7|
---+-----------+-----------+----------+
 3 |   2  7 4* |   3  8  1 |   5  9 6*|
 4 |  1*  9  5 |   4  6 2* |   7  8 3*|
 5 |   8  6 3* |  9*  5  7 |  1*  4  2|
---+-----------+-----------+----------+
 6 |  6* 4*  1 |   8  2 9* |  3*  7  5|
 7 |   5  3  7 |  1*  4  6 |  8*  2  9|
 8 |   9  2  8 |   7  3  5 |   6 1* 4*|
---+-----------+-----------+----------+

B
 1 |   0  1  2 |   3  4  5 |   6  7  8|
---+-----------+-----------+----------+
 0 |   2  8  3 |   4 1* 5* |  6*  7 9*|
 1 |  7*  6 4* |   2  9 3* |   1  8 5*|
 2 |   9 5*  1 |  6* 7*  8 |   3  4  2|
---+-----------+-----------+----------+
 3 |   6  3 8* |   7 5*  9 |   2  1  4|
 4 |   4 1*  2 |   3  8  6 |   5  9  7|
 5 |   5  9 7* |  1* 4*  2 |  8*  3 6*|
---+-----------+-----------+----------+
 6 |   1  2  9 |   5  3 7* |  4* 6*  8|
 7 |   8  4  6 |  9*  2  1 |  7*  5  3|
 8 |   3  7 5* |   8 6* 4* |   9  2  1|
---+-----------+-----------+----------+

