A
 0 |   0  1  2 |   3  4  5 |   6  7  8|
---+-----------+-----------+----------+
 0 |   9  3  1 |  6*  8 2* |  5*  7  4|
 1 |   8  5  4 |   7 1* 9* |  2*  6 3*|
 2 |   2 7* 6* |   4  3  5 |   1  9  8|
---+-----------+-----------+----------+
 3 |  7*  1  3 |   9  4  8 |   6 2*  5|
 4 |  5*  9  2 |   1  6  3 |   8  4  7|
 5 |   6 4*  8 |   5 2*  7 |  9*  3  1|
---+-----------+-----------+----------+
 6 |   3  8  9 |   2 7* 1* |   4 5* 6*|
 7 |  1* 6*  5 |   3 9*  4 |   7 8*  2|
 8 |   4  2  7 |   8  5 6* |   3 1*  9|
---+-----------+-----------+----------+

B
 1 |   0  1  2 |   3  4  5 |   6  7  8|
---+-----------+-----------+----------+
 0 |  2* 9*  3 |  4*  6  7 |  1*  5 8*|
 1 |   4 1* 5* |  9*  8 3* |  7*  2  6|
 2 |   6  8  7 |   5 1*  2 |  4*  3  9|
---+-----------+-----------+----------+
 3 |  3*  6  8 |   2  7  9 |   5 1*  4|
 4 |  7*  5 9* |   8  4  1 |   2  6 3*|
 5 |   1  2 4* |   3  5  6 |   8  9  7|
---+-----------+-----------+----------+
 6 |   9  7  6 |   1  2  8 |   3  4 5*|
 7 |   8 4*  2 |   6 3* 5* |   9  7 1*|
 8 |  5*  3 1* |  7*  9  4 |   6  8  2|
---+-----------+-----------+----------+

