A
 0 |   0  1  2 |   3  4  5 |   6  7  8|
---+-----------+-----------+----------+
 0 |  9*  2  1 |  4* 6*  3 |  7*  5  8|
 1 |  3*  4 7* |   8  1  5 |   2  9 6*|
 2 |   6 8* 5* |   7  9 2* |   1  3  4|
---+-----------+-----------+----------+
 3 |  4*  1  9 |   3  8  6 |   5 7*  2|
 4 |  7*  5  6 |   1 2*  4 |   3 8*  9|
 5 |  8* 3*  2 |  9* 5*  7 |  6* 4*  1|
---+-----------+-----------+----------+
 6 |   1  9  3 |   2  7  8 |   4 6* 5*|
 7 |  2*  6  4 |   5  3 9* |   8  1 7*|
 8 |   5  7  8 |   6  4  1 |  9*  2 3*|
---+-----------+-----------+----------+

B
 1 |   0  1  2 |   3  4  5 |   6  7  8|
---+-----------+-----------+----------+
 0 |   8  3  6 |   7  2  9 |  4*  1  5|
 1 |   2  9  1 |  5*  4  3 |   6  7  8|
 2 |  5* 7*  4 |  6*  1  8 |   2  9 3*|
---+-----------+-----------+----------+
 3 |   3  2 8* |   4 7* 1* |   9  5  6|
 4 |   9  4  5 |   8  6  2 |   1 3* 7*|
 5 |   6 1*  7 |   3  9 5* |   8  2  4|
---+-----------+-----------+----------+
 6 |   7 8* 9* |   1 5* 6* |   3  4  2|
 7 |  1*  5  3 |   2 8*  4 |  7*  6  9|
 8 |   4  6  2 |  9*  3  7 |   5  8 1*|
---+-----------+-----------+----------+

