A
 0 |   0  1  2 |   3  4  5 |   6  7  8|
---+-----------+-----------+----------+
 0 |   5  8 1* |  2*  9 7* |   3  6 4*|
 1 |   7  4  9 |   3  5  6 |   2  1 8*|
 2 |   3  2  6 |   8  1 4* |   5  9 7*|
---+-----------+-----------+----------+
 3 |  1*  6  3 |   7  4  8 |   9 2*  5|
 4 |  8*  7  5 |  1*  2  9 |  4* 3*  6|
 5 |   4  9  2 |  6*  3  5 |   8 7*  1|
---+-----------+-----------+----------+
 6 |   9  5  7 |  4*  6  2 |   1  8  3|
 7 |  2*  1  8 |  5*  7 3* |   6  4 9*|
 8 |   6 3*  4 |  9*  8 1* |  7* 5* 2*|
---+-----------+-----------+----------+

B
 1 |   0  1  2 |   3  4  5 |   6  7  8|
---+-----------+-----------+----------+
 0 |  3* 7*  6 |   4  8  9 |   5  2 1*|
 1 |  5*  1 2* |  6*  7  3 |   8  4  9|
 2 |   4  8  9 |   5  2  1 |  7* 6*  3|
---+-----------+-----------+----------+
 3 |   2  9  4 |   8  3 5* |   6  1  7|
 4 |   1  3  8 |   9  6 7* |   2  5 4*|
 5 |   7  6 5* |  2*  1  4 |   3  9  8|
---+-----------+-----------+----------+
 6 |  6* 4*  3 |   1 5*  8 |   9 7* 2*|
 7 |  9*  5  7 |  3*  4  2 |   1  8  6|
 8 |   8 2* 1* |  7*  9  6 |  4*  3  5|
---+-----------+-----------+----------+

