A
 0 |   0  1  2 |   3  4  5 |   6  7  8|
---+-----------+-----------+----------+
 0 |   1  3 7* |  8*  4  6 |  2*  9 5*|
 1 |   5  9  8 |   7 2* 1* |   3 6*  4|
 2 |   4 2*  6 |   3  5  9 |  7*  8 1*|
---+-----------+-----------+----------+
 3 |  2* 8*  1 |   9  6  7 |  4*  5  3|
 4 |   9  7  5 |   4  1 3* |  6* 2*  8|
 5 |   6  4  3 |   2  8 5* |   9  1  7|
---+-----------+-----------+----------+
 6 |   8  5 2* |   6  7  4 |   1  3  9|
 7 |  7* 1* 9* |  5*  3  2 |  8*  4 6*|
 8 |   3  6 4* |  1*  9  8 |   5  7  2|
---+-----------+-----------+----------+

B
 1 |   0  1  2 |   3  4  5 |   6  7  8|
---+-----------+-----------+----------+
 0 |   4 6*  9 |  3*  5  8 |   7 2*  1|
 1 |   7 1*  2 |  9* 6*  4 |  5*  3  8|
 2 |   3  5 8* |  7* 1*  2 |  6*  9  4|
---+-----------+-----------+----------+
 3 |   5 4*  3 |   2  8 9* |  1* 7*  6|
 4 |   2 8*  6 |   5  7  1 |   3 4*  9|
 5 |   9 7*  1 |   4  3 6* |  8*  5  2|
---+-----------+-----------+----------+
 6 |   6  3  4 |   1  9 5* |   2 8*  7|
 7 |   8  2  7 |   6  4  3 |   9  1  5|
 8 |  1*  9  5 |   8  2  7 |   4  6 3*|
---+-----------+-----------+----------+

