A
 0 |   0  1  2 |   3  4  5 |   6  7  8|
---+-----------+-----------+----------+
 0 |   1  9  4 |   2 6* 5* |  7*  3  8|
 1 |   3 5* 8* |   1  9  7 |   4  2  6|
 2 |  7*  2  6 |   8  3  4 |   5  1 9*|
---+-----------+-----------+----------+
 3 |  2* 1*  7 |   9  8  6 |   3 4*  5|
 4 |  6* 8*  5 |   4  7  3 |   2 9*  1|
 5 |   4  3  9 |   5 1*  2 |  6* 8*  7|
---+-----------+-----------+----------+
 6 |   9  7  2 |  3*  5 8* |   1  6  4|
 7 |  5*  4  1 |  6*  2  9 |   8  7  3|
 8 |   8  6  3 |   7  4 1* |   9 5* 2*|
---+-----------+-----------+----------+

B
 1 |   0  1  2 |   3  4  5 |   6  7  8|
---+-----------+-----------+----------+
 0 |   2  1  6 |  7*  4  8 |   9  5  3|
 1 |   9  7  4 |   2  5  3 |  6*  8 1*|
 2 |  8* 3* 5* |   6  9  1 |   2 7* 4*|
---+-----------+-----------+----------+
 3 |  4*  9 3* |  1*  2  5 |   7 6*  8|
 4 |   5 6* 2* |   3  8  7 |   1  4 9*|
 5 |  1*  8  7 |  4*  6 9* |   5  3  2|
---+-----------+-----------+----------+
 6 |  6*  5  8 |   9  1  4 |   3 2*  7|
 7 |   7 2* 9* |  8* 3*  6 |   4  1 5*|
 8 |   3  4  1 |   5  7  2 |  8*  9 6*|
---+-----------+-----------+----------+

